# FAKE_X_DATA REAL_DATA FAKE_Y_DATA
0.000000000000000000e+00 -9.000000000000000000e+00 -8.283875473959550817e+00
2.000000000000000042e-02 -8.986063999999998941e+00 -1.281051322836076878e+01
4.000000000000000083e-02 -8.972255999999999787e+00 -7.980170563052367605e+00
5.999999999999999778e-02 -8.958576000000000761e+00 -6.263782062891827707e+00
8.000000000000000167e-02 -8.945024000000000086e+00 -1.085117510607958735e+01
1.000000000000000056e-01 -8.931599999999999540e+00 -8.228840651886342172e+00
1.199999999999999956e-01 -8.918303999999999121e+00 -1.080212122139730013e+01
1.400000000000000133e-01 -8.905136000000002383e+00 -1.947243607844762892e+01
1.600000000000000033e-01 -8.892096000000000444e+00 -1.086001800825975394e+01
1.799999999999999933e-01 -8.879183999999998633e+00 -1.327656718764324140e+01
2.000000000000000111e-01 -8.866400000000000503e+00 -4.036432995372982724e+00
2.200000000000000011e-01 -8.853744000000000725e+00 -5.080101361196832421e+00
2.399999999999999911e-01 -8.841215999999999298e+00 -1.460158951327918686e+01
2.600000000000000089e-01 -8.828815999999999775e+00 -5.128535501031408650e+00
2.800000000000000266e-01 -8.816544000000000381e+00 -1.238530076462583551e+01
2.999999999999999889e-01 -8.804399999999999338e+00 -1.489554117344495943e+01
3.200000000000000067e-01 -8.792384000000000199e+00 -1.103565766091228895e+01
3.400000000000000244e-01 -8.780495999999999412e+00 3.288982591606618655e+00
3.599999999999999867e-01 -8.768736000000000530e+00 -1.328942181661798116e+01
3.800000000000000044e-01 -8.757104000000001776e+00 -1.786451341448836416e+01
4.000000000000000222e-01 -8.745599999999999596e+00 -9.219584014999897548e+00
4.199999999999999845e-01 -8.734223999999999322e+00 -5.796944771955136133e+00
4.400000000000000022e-01 -8.722975999999999175e+00 -8.872864563592726128e+00
4.600000000000000200e-01 -8.711855999999999156e+00 -1.116876611752134174e+01
4.799999999999999822e-01 -8.700863999999999265e+00 -1.451495479360152174e+01
5.000000000000000000e-01 -8.689999999999999503e+00 -1.190290107826228727e+01
5.200000000000000178e-01 -8.679263999999999868e+00 -1.700530504949622213e-01
5.400000000000000355e-01 -8.668656000000000361e+00 -1.189446412302735112e+01
5.600000000000000533e-01 -8.658175999999999206e+00 -4.739285520387682027e+00
5.799999999999999600e-01 -8.647823999999999955e+00 -4.852169825989596674e+00
5.999999999999999778e-01 -8.637600000000000833e+00 -3.168536848892177460e+00
6.199999999999999956e-01 -8.627504000000000062e+00 -1.128672003067187468e+01
6.400000000000000133e-01 -8.617535999999999419e+00 -1.034234402789788376e+01
6.600000000000000311e-01 -8.607696000000000680e+00 -7.497275217469512754e+00
6.800000000000000488e-01 -8.597984000000000293e+00 -5.656436882835751412e+00
6.999999999999999556e-01 -8.588400000000000034e+00 -4.072001379961486478e+00
7.199999999999999734e-01 -8.578943999999999903e+00 -1.255344451116172699e+01
7.399999999999999911e-01 -8.569615999999999900e+00 -1.189076878544380378e+00
7.600000000000000089e-01 -8.560416000000000025e+00 -8.035771511250805688e+00
7.800000000000000266e-01 -8.551344000000000278e+00 -6.724222442274693456e+00
8.000000000000000444e-01 -8.542400000000000659e+00 -1.697845186978275578e+00
8.199999999999999512e-01 -8.533583999999999392e+00 -1.273402611491037639e+01
8.399999999999999689e-01 -8.524896000000000029e+00 -7.559675016206495179e+00
8.599999999999999867e-01 -8.516336000000000794e+00 -7.543636522507353170e+00
8.800000000000000044e-01 -8.507903999999999911e+00 -4.658203225896590638e+00
9.000000000000000222e-01 -8.499600000000000932e+00 -1.053926847517054277e+01
9.200000000000000400e-01 -8.491424000000000305e+00 -7.062094335251872579e+00
9.399999999999999467e-01 -8.483375999999999806e+00 -8.908894235087927882e+00
9.599999999999999645e-01 -8.475455999999999435e+00 2.423659178099009992e+00
9.799999999999999822e-01 -8.467663999999999191e+00 -1.385033852278961852e+01
1.000000000000000000e+00 -8.460000000000000853e+00 -1.388181871737010198e+01
1.020000000000000018e+00 -8.452463999999999089e+00 -1.709860574561472646e+01
1.040000000000000036e+00 -8.445055999999999230e+00 -1.449806801076888796e+01
1.060000000000000053e+00 -8.437775999999999499e+00 -4.674592473606472787e+00
1.080000000000000071e+00 -8.430623999999999896e+00 -2.408976545706761563e+00
1.100000000000000089e+00 -8.423600000000000421e+00 -1.567154508456872541e+01
1.120000000000000107e+00 -8.416703999999999297e+00 -1.293549615505934192e+01
1.139999999999999902e+00 -8.409935999999998302e+00 -1.168056438020800414e+01
1.159999999999999920e+00 -8.403296000000000987e+00 -1.303256661757421320e+01
1.179999999999999938e+00 -8.396784000000000248e+00 -2.649125047310262993e+00
1.199999999999999956e+00 -8.390399999999999636e+00 -5.384726339902949910e+00
1.219999999999999973e+00 -8.384143999999999153e+00 -1.547888969551301841e+01
1.239999999999999991e+00 -8.378016000000000574e+00 -8.866847674387440037e+00
1.260000000000000009e+00 -8.372016000000000346e+00 -1.519675010760128231e+01
1.280000000000000027e+00 -8.366144000000000247e+00 -1.888955234295105967e+01
1.300000000000000044e+00 -8.360400000000000276e+00 -4.780117312742090618e+00
1.320000000000000062e+00 -8.354784000000000432e+00 -7.934400493961550005e+00
1.340000000000000080e+00 -8.349296000000000717e+00 1.877861520282406715e+00
1.360000000000000098e+00 -8.343935999999999353e+00 -6.130268914546176617e+00
1.379999999999999893e+00 -8.338703999999999894e+00 -6.842587244379239486e+00
1.399999999999999911e+00 -8.333600000000000563e+00 -3.130054409952451877e+00
1.419999999999999929e+00 -8.328623999999999583e+00 -1.658609838490938060e+01
1.439999999999999947e+00 -8.323776000000002284e+00 -1.042415594312022264e+01
1.459999999999999964e+00 -8.319055999999999784e+00 -3.936677758105172842e+00
1.479999999999999982e+00 -8.314464000000000965e+00 -1.067845279531101355e+01
1.500000000000000000e+00 -8.310000000000000497e+00 -1.217213573328187159e+01
1.520000000000000018e+00 -8.305664000000000158e+00 -8.751255187175914330e+00
1.540000000000000036e+00 -8.301455999999999946e+00 -9.667989685557078161e+00
1.560000000000000053e+00 -8.297375999999999863e+00 1.738853833824151707e+00
1.580000000000000071e+00 -8.293423999999999907e+00 1.514267292974633250e+00
1.600000000000000089e+00 -8.289600000000000080e+00 -3.251629174810553025e-01
1.620000000000000107e+00 -8.285904000000000380e+00 -1.099271585659792549e+01
1.639999999999999902e+00 -8.282336000000000809e+00 -1.076665919805873450e+01
1.659999999999999920e+00 -8.278895999999999589e+00 -9.554256573704936528e+00
1.679999999999999938e+00 -8.275584000000000273e+00 -1.037924659214537471e+00
1.699999999999999956e+00 -8.272399999999999309e+00 -3.698863283595239970e+00
1.719999999999999973e+00 -8.269344000000000250e+00 -5.811045478670255449e+00
1.739999999999999991e+00 -8.266415999999999542e+00 -3.975018774679412559e+00
1.760000000000000009e+00 -8.263616000000000739e+00 -5.173432509750444552e+00
1.780000000000000027e+00 -8.260944000000000287e+00 -8.532363156043889063e+00
1.800000000000000044e+00 -8.258399999999999963e+00 -4.554772749824969935e+00
1.820000000000000062e+00 -8.255983999999999767e+00 -4.631504119906035832e+00
1.840000000000000080e+00 -8.253695999999999700e+00 -4.770654882862425339e+00
1.860000000000000098e+00 -8.251536000000001536e+00 -1.414639375487121598e+01
1.879999999999999893e+00 -8.249503999999999948e+00 -2.342909749045322343e+00
1.899999999999999911e+00 -8.247600000000000264e+00 -1.278039657533662066e+01
1.919999999999999929e+00 -8.245823999999998932e+00 -1.799878526592524253e+01
1.939999999999999947e+00 -8.244175999999999505e+00 3.416289329031226174e+00
1.959999999999999964e+00 -8.242656000000000205e+00 7.216235113860404837e+00
1.979999999999999982e+00 -8.241264000000001033e+00 -8.954117347409013661e+00
2.000000000000000000e+00 -8.240000000000000213e+00 -1.058662793614565345e+01
2.020000000000000018e+00 -8.238863999999999521e+00 -2.368648727489375005e+01
2.040000000000000036e+00 -8.237856000000000734e+00 -1.011163880610332022e+01
2.060000000000000053e+00 -8.236976000000000298e+00 -4.397860115233936718e+00
2.080000000000000071e+00 -8.236223999999999990e+00 -3.215834820278001160e+00
2.100000000000000089e+00 -8.235600000000001586e+00 -1.357139405999575033e+01
2.120000000000000107e+00 -8.235103999999999758e+00 3.793165865962926375e-01
2.140000000000000124e+00 -8.234735999999999834e+00 -5.473484868215274801e+00
2.160000000000000142e+00 -8.234496000000000038e+00 -6.176961778255938285e+00
2.180000000000000160e+00 -8.234384000000000370e+00 -7.441685899325815257e+00
2.200000000000000178e+00 -8.234400000000000830e+00 -5.491127401721621837e+00
2.220000000000000195e+00 -8.234543999999999642e+00 -2.209774606697415322e+00
2.240000000000000213e+00 -8.234816000000000358e+00 -9.272855508275693381e+00
2.259999999999999787e+00 -8.235215999999997649e+00 -8.645823936470193871e+00
2.279999999999999805e+00 -8.235744000000000398e+00 -8.261855491273982111e+00
2.299999999999999822e+00 -8.236399999999999721e+00 -1.481291837531919597e+01
2.319999999999999840e+00 -8.237183999999999173e+00 -1.208916196737667192e+01
2.339999999999999858e+00 -8.238096000000000529e+00 -8.662589033218097256e+00
2.359999999999999876e+00 -8.239136000000000237e+00 -1.137961622801413242e+01
2.379999999999999893e+00 -8.240304000000000073e+00 -8.338725865727264264e+00
2.399999999999999911e+00 -8.241600000000000037e+00 -1.105133611869216281e+01
2.419999999999999929e+00 -8.243024000000000129e+00 -1.017609496171958483e+01
2.439999999999999947e+00 -8.244576000000000349e+00 -3.485867791356702661e+00
2.459999999999999964e+00 -8.246256000000000697e+00 -4.216423273996445786e+00
2.479999999999999982e+00 -8.248063999999999396e+00 -1.277921624171593606e+01
2.500000000000000000e+00 -8.250000000000000000e+00 -1.143712360865603017e+01
2.520000000000000018e+00 -8.252064000000000732e+00 -1.391567748833579188e+01
2.540000000000000036e+00 -8.254255999999999815e+00 -1.160366666296422267e+01
2.560000000000000053e+00 -8.256575999999999027e+00 -1.377755534853747221e+01
2.580000000000000071e+00 -8.259024000000000143e+00 -7.356223731768542606e+00
2.600000000000000089e+00 -8.261599999999999611e+00 -2.112419588079010424e+00
2.620000000000000107e+00 -8.264304000000000983e+00 -6.073818076179504644e+00
2.640000000000000124e+00 -8.267136000000000706e+00 -9.710852507531026134e+00
2.660000000000000142e+00 -8.270096000000000558e+00 -6.082959660991152262e+00
2.680000000000000160e+00 -8.273184000000000538e+00 -1.801315994401215548e+01
2.700000000000000178e+00 -8.276400000000000645e+00 -6.197675177814732095e+00
2.720000000000000195e+00 -8.279744000000000881e+00 -1.456218569801205476e+01
2.740000000000000213e+00 -8.283215999999999468e+00 -6.003244206850256504e+00
2.759999999999999787e+00 -8.286815999999999960e+00 -1.292246459374464962e+01
2.779999999999999805e+00 -8.290544000000000580e+00 -8.022664723103323681e+00
2.799999999999999822e+00 -8.294399999999999551e+00 -3.834268651675496464e+00
2.819999999999999840e+00 -8.298384000000000427e+00 -4.691998584985005216e+00
2.839999999999999858e+00 -8.302495999999997878e+00 -2.097057529872343906e+01
2.859999999999999876e+00 -8.306736000000000786e+00 -1.054377254152078613e+01
2.879999999999999893e+00 -8.311104000000000269e+00 -5.018582841124435312e+00
2.899999999999999911e+00 -8.315599999999999881e+00 -9.084854433995610989e+00
2.919999999999999929e+00 -8.320223999999999620e+00 -6.547838151249342431e+00
2.939999999999999947e+00 -8.324975999999999487e+00 -5.820531704717005539e+00
2.959999999999999964e+00 -8.329855999999999483e+00 -9.924957636355287605e+00
2.979999999999999982e+00 -8.334863999999999606e+00 -9.971219708888243716e-01
3.000000000000000000e+00 -8.340000000000001634e+00 -1.767678832191760563e+01
3.020000000000000018e+00 -8.345264000000000237e+00 -6.548895644117543213e+00
3.040000000000000036e+00 -8.350656000000000745e+00 -5.219693917467461475e+00
3.060000000000000053e+00 -8.356175999999997828e+00 -1.846582839051879432e+01
3.080000000000000071e+00 -8.361824000000000368e+00 -4.233220211473555317e+00
3.100000000000000089e+00 -8.367599999999999483e+00 -3.798442339433140802e+00
3.120000000000000107e+00 -8.373504000000000502e+00 -7.415562086449642543e+00
3.140000000000000124e+00 -8.379535999999999873e+00 -9.338180142362665137e+00
3.160000000000000142e+00 -8.385696000000001149e+00 -7.527679815320764689e+00
3.180000000000000160e+00 -8.391984000000000776e+00 -1.114037531550617466e+01
3.200000000000000178e+00 -8.398400000000000531e+00 -6.976666409718077055e+00
3.220000000000000195e+00 -8.404944000000000415e+00 -7.215699337328457474e+00
3.240000000000000213e+00 -8.411616000000000426e+00 -6.788316334594875379e+00
3.259999999999999787e+00 -8.418416000000000565e+00 -9.970969899157660521e+00
3.279999999999999805e+00 -8.425343999999999056e+00 -4.773904826156776693e+00
3.299999999999999822e+00 -8.432400000000001228e+00 -1.073463409148540926e+01
3.319999999999999840e+00 -8.439583999999999975e+00 -2.671855275819429387e+00
3.339999999999999858e+00 -8.446896000000002402e+00 -1.444485302346580013e+01
3.359999999999999876e+00 -8.454335999999999629e+00 -5.057482980776203618e+00
3.379999999999999893e+00 -8.461904000000000536e+00 -7.615907437246868916e+00
3.399999999999999911e+00 -8.469599999999999795e+00 -7.759809956927925079e+00
3.419999999999999929e+00 -8.477423999999999182e+00 -2.102273459133660261e+00
3.439999999999999947e+00 -8.485376000000000474e+00 -7.083642223488579859e+00
3.459999999999999964e+00 -8.493456000000000117e+00 -1.179346423353594631e+01
3.479999999999999982e+00 -8.501664000000001664e+00 -1.705179027660723534e+01
3.500000000000000000e+00 -8.509999999999999787e+00 -2.198759875152848764e+01
3.520000000000000018e+00 -8.518463999999998038e+00 -1.573232036129848410e+01
3.540000000000000036e+00 -8.527055999999999969e+00 -3.709686772758924889e+00
3.560000000000000053e+00 -8.535776000000000252e+00 -5.145064224119670904e+00
3.580000000000000071e+00 -8.544624000000000663e+00 1.153031888718729192e+00
3.600000000000000089e+00 -8.553599999999999426e+00 -3.372722409234270913e+00
3.620000000000000107e+00 -8.562704000000000093e+00 -1.496396805882221948e+01
3.640000000000000124e+00 -8.571936000000000888e+00 -6.689666110454592918e+00
3.660000000000000142e+00 -8.581296000000000035e+00 -1.123567223115490599e+01
3.680000000000000160e+00 -8.590783999999999310e+00 -1.528281721410426464e+01
3.700000000000000178e+00 -8.600400000000000489e+00 -9.002479636107400651e+00
3.720000000000000195e+00 -8.610144000000001796e+00 -2.217918029809361258e+01
3.740000000000000213e+00 -8.620016000000001455e+00 -1.656552339760215631e+01
3.759999999999999787e+00 -8.630016000000001242e+00 -8.857184201478137453e+00
3.779999999999999805e+00 -8.640143999999999380e+00 -6.161756734793025103e+00
3.799999999999999822e+00 -8.650400000000001199e+00 -9.041251497086673083e+00
3.819999999999999840e+00 -8.660783999999999594e+00 -7.720047381831872890e+00
3.839999999999999858e+00 -8.671295999999999893e+00 -5.080605039766797226e+00
3.859999999999999876e+00 -8.681936000000000320e+00 -1.213552039985757780e+01
3.879999999999999893e+00 -8.692703999999999098e+00 -1.278828893829759394e+01
3.899999999999999911e+00 -8.703599999999999781e+00 -1.002699357982545614e+01
3.919999999999999929e+00 -8.714624000000000592e+00 -1.263818747347310456e+01
3.939999999999999947e+00 -8.725775999999999755e+00 -1.030907310017794565e+01
3.959999999999999964e+00 -8.737056000000000822e+00 -4.334530196355866671e+00
3.979999999999999982e+00 -8.748464000000002017e+00 -1.340384771795910623e+01
4.000000000000000000e+00 -8.759999999999999787e+00 -7.342508097492242314e+00
4.019999999999999574e+00 -8.771663999999999461e+00 -1.334506439702840730e+01
4.040000000000000036e+00 -8.783456000000001040e+00 -1.266938249689532547e+01
4.059999999999999609e+00 -8.795375999999999195e+00 -5.268457116484558611e+00
4.080000000000000071e+00 -8.807424000000001030e+00 -1.145612618584330988e+01
4.099999999999999645e+00 -8.819600000000001216e+00 -1.680665641304513613e+01
4.120000000000000107e+00 -8.831903999999999755e+00 -8.550917470344320037e+00
4.139999999999999680e+00 -8.844336000000000197e+00 -8.591855465076802645e+00
4.160000000000000142e+00 -8.856896000000000768e+00 -6.796129990809129495e+00
4.179999999999999716e+00 -8.869583999999999691e+00 -1.129675322210010435e+01
4.200000000000000178e+00 -8.882400000000000517e+00 1.996801990279456263e+00
4.219999999999999751e+00 -8.895343999999999696e+00 -8.176380730701749755e+00
4.240000000000000213e+00 -8.908415999999999002e+00 -2.283597627055006996e+01
4.259999999999999787e+00 -8.921616000000000213e+00 -9.907413924462524335e+00
4.280000000000000249e+00 -8.934944000000001552e+00 -1.417370698332235790e+01
4.299999999999999822e+00 -8.948399999999999466e+00 -4.925229715738570491e+00
4.320000000000000284e+00 -8.961984000000001060e+00 -3.512668211585499023e-01
4.339999999999999858e+00 -8.975695999999999231e+00 -9.928791225473030835e+00
4.360000000000000320e+00 -8.989536000000001081e+00 -5.950040982227787545e+00
4.379999999999999893e+00 -9.003503999999999508e+00 -1.115587595132701004e+01
4.400000000000000355e+00 -9.017600000000001614e+00 -1.734147012308095270e+01
4.419999999999999929e+00 -9.031824000000000296e+00 -3.670565220966188313e+00
4.440000000000000391e+00 -9.046176000000000883e+00 -4.804021393483835389e+00
4.459999999999999964e+00 -9.060655999999999821e+00 -4.726652949610574694e+00
4.480000000000000426e+00 -9.075264000000000664e+00 -8.631012166816883990e+00
4.500000000000000000e+00 -9.089999999999999858e+00 -1.053300018370717162e+01
4.519999999999999574e+00 -9.104863999999999180e+00 -1.356878044557665675e+01
4.540000000000000036e+00 -9.119856000000000407e+00 -1.060232575530018373e+01
4.559999999999999609e+00 -9.134975999999999985e+00 -1.391747998931900376e+01
4.580000000000000071e+00 -9.150223999999999691e+00 -2.033700655604130958e+01
4.599999999999999645e+00 -9.165599999999997749e+00 -1.349088771242143281e+01
4.620000000000000107e+00 -9.181103999999999488e+00 -3.793334446023185258e+00
4.639999999999999680e+00 -9.196735999999999578e+00 8.121025731721283947e+00
4.660000000000000142e+00 -9.212496000000001573e+00 -8.005973569760168829e+00
4.679999999999999716e+00 -9.228384000000000142e+00 -9.970978130603040057e+00
4.700000000000000178e+00 -9.244400000000000617e+00 -8.974289182338642590e+00
4.719999999999999751e+00 -9.260543999999999443e+00 -1.558588191476274787e+01
4.740000000000000213e+00 -9.276816000000000173e+00 -8.542052414701256424e+00
4.759999999999999787e+00 -9.293216000000001031e+00 -1.589022664421273845e+01
4.780000000000000249e+00 -9.309744000000000241e+00 -7.888713530637833315e+00
4.799999999999999822e+00 -9.326399999999999579e+00 -1.150721266473160220e+01
4.820000000000000284e+00 -9.343184000000000822e+00 -6.529468351921987157e+00
4.839999999999999858e+00 -9.360096000000000416e+00 -1.303802454281827572e+01
4.860000000000000320e+00 -9.377136000000000138e+00 -1.083489273908034711e+01
4.879999999999999893e+00 -9.394303999999999988e+00 -9.986665856322680668e+00
4.900000000000000355e+00 -9.411599999999999966e+00 -5.068249484428992702e-01
4.919999999999999929e+00 -9.429024000000000072e+00 -1.299300564417591808e+01
4.940000000000000391e+00 -9.446576000000000306e+00 -3.815777771189526213e+00
4.959999999999999964e+00 -9.464256000000000668e+00 -3.625940250996443126e+00
4.980000000000000426e+00 -9.482064000000001158e+00 -7.120327468025811513e+00
5.000000000000000000e+00 -9.500000000000000000e+00 -3.070724897108549456e+00
5.019999999999999574e+00 -9.518063999999998970e+00 -9.862136403856842648e+00
5.040000000000000036e+00 -9.536256000000001620e+00 -1.325604930267775572e+01
5.059999999999999609e+00 -9.554576000000000846e+00 -5.200016575716452039e+00
5.080000000000000071e+00 -9.573024000000000200e+00 -5.609134590059026593e+00
5.099999999999999645e+00 -9.591599999999999682e+00 -1.146074619339083789e+01
5.120000000000000107e+00 -9.610304000000001068e+00 -8.324822395616875426e+00
5.139999999999999680e+00 -9.629135999999999029e+00 -2.015898953576441244e+01
5.160000000000000142e+00 -9.648096000000000672e+00 -8.301472737750060560e+00
5.179999999999999716e+00 -9.667183999999998889e+00 -1.028061301209413791e+01
5.200000000000000178e+00 -9.686400000000000787e+00 -7.649249746423780749e-01
5.219999999999999751e+00 -9.705743999999999261e+00 -8.613866969582335997e+00
5.240000000000000213e+00 -9.725216000000001415e+00 -6.911454749989268009e+00
5.259999999999999787e+00 -9.744816000000000145e+00 -1.064870586526964757e+00
5.280000000000000249e+00 -9.764544000000000779e+00 -1.528015638433391743e+01
5.299999999999999822e+00 -9.784400000000001540e+00 -1.104339062879567379e+01
5.320000000000000284e+00 -9.804384000000000654e+00 -7.157353092387184645e+00
5.339999999999999858e+00 -9.824495999999999896e+00 -8.687105843428108543e+00
5.360000000000000320e+00 -9.844736000000001042e+00 -6.906359159878743270e+00
5.379999999999999893e+00 -9.865104000000000539e+00 -1.257446370872782460e+01
5.400000000000000355e+00 -9.885600000000000165e+00 -3.741833639187960969e+00
5.419999999999999929e+00 -9.906224000000001695e+00 -1.027183558153742737e+01
5.440000000000000391e+00 -9.926976000000001576e+00 -3.133444600494641463e+00
5.459999999999999964e+00 -9.947855999999999810e+00 -2.137204178613000494e+00
5.480000000000000426e+00 -9.968864000000001724e+00 -9.325573337808759078e+00
5.500000000000000000e+00 -9.990000000000000213e+00 -1.276770775161306304e+01
5.519999999999999574e+00 -1.001126400000000061e+01 -6.282440914101215412e+00
5.540000000000000036e+00 -1.003265600000000113e+01 -4.415632412753591751e+00
5.559999999999999609e+00 -1.005417599999999823e+01 -1.995464669691582316e+01
5.580000000000000071e+00 -1.007582400000000078e+01 -7.515728341017893221e+00
5.599999999999999645e+00 -1.009759999999999991e+01 -1.399947732847259019e+01
5.620000000000000107e+00 -1.011950400000000094e+01 -1.535631541961515545e+01
5.639999999999999680e+00 -1.014153600000000210e+01 -1.599570009342725641e+01
5.660000000000000142e+00 -1.016369600000000162e+01 -1.147101776930290917e+01
5.679999999999999716e+00 -1.018598400000000126e+01 -3.130034587594192175e+00
5.700000000000000178e+00 -1.020840000000000103e+01 -1.041786902200590248e+01
5.719999999999999751e+00 -1.023094400000000093e+01 -1.111635063929920797e+01
5.740000000000000213e+00 -1.025361600000000095e+01 -8.089106354936372867e+00
5.759999999999999787e+00 -1.027641600000000111e+01 -5.271578355769490187e+00
5.780000000000000249e+00 -1.029934399999999961e+01 -1.257964070269352241e+01
5.799999999999999822e+00 -1.032240000000000180e+01 -5.375719787727376797e+00
5.820000000000000284e+00 -1.034558400000000233e+01 -1.103744370611582148e+01
5.839999999999999858e+00 -1.036889599999999945e+01 -8.516879367316651184e+00
5.860000000000000320e+00 -1.039233600000000024e+01 -1.756629302827740347e+01
5.879999999999999893e+00 -1.041590400000000116e+01 -9.754621500318684468e+00
5.900000000000000355e+00 -1.043960000000000221e+01 -8.479984054937435900e+00
5.919999999999999929e+00 -1.046342400000000161e+01 -1.600156382267311983e+01
5.940000000000000391e+00 -1.048737600000000114e+01 -6.401677030541931046e+00
5.959999999999999964e+00 -1.051145599999999902e+01 -1.587542553146348112e+01
5.980000000000000426e+00 -1.053566400000000058e+01 -6.386149060676924449e+00
6.000000000000000000e+00 -1.056000000000000050e+01 -5.534264019827245029e+00
6.019999999999999574e+00 -1.058446400000000054e+01 -8.049243964298568699e+00
6.040000000000000036e+00 -1.060905600000000071e+01 -9.144797819668317729e+00
6.059999999999999609e+00 -1.063377600000000101e+01 -1.194570243728448844e+01
6.080000000000000071e+00 -1.065862399999999965e+01 -1.179373408308830484e+01
6.099999999999999645e+00 -1.068359999999999843e+01 -3.883832284117430866e+00
6.120000000000000107e+00 -1.070870400000000089e+01 -1.361675969217745674e+01
6.139999999999999680e+00 -1.073393599999999992e+01 -8.910764882341446480e+00
6.160000000000000142e+00 -1.075929600000000086e+01 -1.039035136904191248e+01
6.179999999999999716e+00 -1.078478400000000015e+01 -6.442529277699286183e+00
6.200000000000000178e+00 -1.081039999999999957e+01 -1.696666104133088027e+01
6.219999999999999751e+00 -1.083614400000000089e+01 -1.291043292580329194e+01
6.240000000000000213e+00 -1.086201600000000056e+01 1.997148569019586262e+00
6.259999999999999787e+00 -1.088801600000000036e+01 -1.104387960878989716e+01
6.280000000000000249e+00 -1.091414400000000029e+01 -6.498716529640764072e+00
6.299999999999999822e+00 -1.094040000000000035e+01 -1.445077105342573631e+01
6.320000000000000284e+00 -1.096678400000000053e+01 -1.285447801375927135e+01
6.339999999999999858e+00 -1.099329600000000084e+01 -5.170765439000419406e+00
6.360000000000000320e+00 -1.101993600000000129e+01 -1.097308909945715172e+01
6.379999999999999893e+00 -1.104670400000000186e+01 -7.895454037845250461e+00
6.400000000000000355e+00 -1.107360000000000255e+01 -6.762381198643192093e+00
6.419999999999999929e+00 -1.110062399999999982e+01 -1.168139481542923974e+01
6.440000000000000391e+00 -1.112777600000000078e+01 -2.953532165358636163e+00
6.459999999999999964e+00 -1.115505600000000186e+01 -5.287049473044662662e+00
6.480000000000000426e+00 -1.118246400000000307e+01 -1.161212240742158919e+01
6.500000000000000000e+00 -1.121000000000000085e+01 -1.516315046532417199e+01
6.519999999999999574e+00 -1.123766400000000054e+01 -6.799577508299329942e+00
6.540000000000000036e+00 -1.126545599999999858e+01 -1.883708927822395651e+01
6.559999999999999609e+00 -1.129337599999999853e+01 -8.900770511134329155e+00
6.580000000000000071e+00 -1.132142400000000038e+01 -1.106266068305938610e+01
6.599999999999999645e+00 -1.134960000000000058e+01 -1.099967979454663691e+01
6.620000000000000107e+00 -1.137790399999999913e+01 -1.751731408932244705e+01
6.639999999999999680e+00 -1.140633599999999959e+01 -1.657944943725872378e+01
6.660000000000000142e+00 -1.143489600000000195e+01 -1.380229166728694068e+01
6.679999999999999716e+00 -1.146358400000000088e+01 -1.373607998306658651e+01
6.700000000000000178e+00 -1.149239999999999995e+01 -7.962099338645704627e+00
6.719999999999999751e+00 -1.152134399999999914e+01 -1.749548790710040436e+00
6.740000000000000213e+00 -1.155041600000000201e+01 -1.464098861747898894e+01
6.759999999999999787e+00 -1.157961599999999969e+01 -1.270537157064375755e+01
6.780000000000000249e+00 -1.160894400000000104e+01 -1.144280101935992633e+01
6.799999999999999822e+00 -1.163840000000000074e+01 -8.373228930709723628e+00
6.820000000000000284e+00 -1.166798400000000058e+01 -1.016687137910362893e+01
6.839999999999999858e+00 -1.169769600000000054e+01 -1.087990384072399763e+01
6.860000000000000320e+00 -1.172753600000000063e+01 -2.000734353548168798e+01
6.879999999999999893e+00 -1.175750400000000084e+01 -1.722621620444883916e+01
6.900000000000000355e+00 -1.178760000000000119e+01 -1.011133928725622688e+01
6.919999999999999929e+00 -1.181782400000000344e+01 -2.149401877545535200e+01
6.940000000000000391e+00 -1.184817600000000226e+01 -1.611113444491419955e+01
6.959999999999999964e+00 -1.187865599999999944e+01 -9.188876047077130238e+00
6.980000000000000426e+00 -1.190926400000000029e+01 -3.329446771257508431e+00
7.000000000000000000e+00 -1.194000000000000128e+01 -1.118579682908092998e+01
7.019999999999999574e+00 -1.197086399999999884e+01 -1.355147970047601014e+01
7.040000000000000036e+00 -1.200185600000000008e+01 -4.684246282760950564e+00
7.059999999999999609e+00 -1.203297599999999790e+01 -1.408814149261358395e+01
7.080000000000000071e+00 -1.206422400000000117e+01 -9.617686079990477310e+00
7.099999999999999645e+00 -1.209560000000000102e+01 -7.301210834168388786e+00
7.120000000000000107e+00 -1.212710400000000099e+01 -6.370895422317657264e+00
7.139999999999999680e+00 -1.215873600000000110e+01 -1.362801105310600214e+01
7.160000000000000142e+00 -1.219049599999999955e+01 -1.989614101679586966e+01
7.179999999999999716e+00 -1.222238399999999992e+01 -9.066288649089356610e+00
7.200000000000000178e+00 -1.225440000000000040e+01 -9.679820175855319064e+00
7.219999999999999751e+00 -1.228654399999999924e+01 -9.957663004049198463e+00
7.240000000000000213e+00 -1.231881600000000176e+01 -1.767831943621627389e+01
7.259999999999999787e+00 -1.235121600000000086e+01 -7.672839801223220846e+00
7.280000000000000249e+00 -1.238374400000000009e+01 -1.489029181404836599e+01
7.299999999999999822e+00 -1.241640000000000299e+01 -1.690425693935770113e+01
7.320000000000000284e+00 -1.244918400000000247e+01 -1.178278633209065518e+01
7.339999999999999858e+00 -1.248209600000000030e+01 -8.130504023519559809e+00
7.360000000000000320e+00 -1.251513600000000181e+01 -1.421918773675718128e+01
7.379999999999999893e+00 -1.254830400000000168e+01 -1.912120899543489116e+01
7.400000000000000355e+00 -1.258160000000000167e+01 -1.321891389548746787e+01
7.419999999999999929e+00 -1.261502399999999824e+01 -1.002112462902744738e+01
7.440000000000000391e+00 -1.264857600000000204e+01 -1.155459816661941197e+01
7.459999999999999964e+00 -1.268225600000000242e+01 -1.529281345354672439e+01
7.480000000000000426e+00 -1.271606400000000292e+01 -2.027655522553950007e+01
7.500000000000000000e+00 -1.275000000000000000e+01 -1.161858302273349430e+01
7.519999999999999574e+00 -1.278406399999999898e+01 -1.814405204877906641e+01
7.540000000000000036e+00 -1.281825600000000343e+01 -1.858931151214331834e+01
7.559999999999999609e+00 -1.285257599999999911e+01 -1.072944235255165601e+01
7.580000000000000071e+00 -1.288702400000000026e+01 -1.530439181392641856e+01
7.599999999999999645e+00 -1.292159999999999975e+01 -1.710556498699013162e+01
7.620000000000000107e+00 -1.295630399999999938e+01 -1.909065173011295968e+01
7.639999999999999680e+00 -1.299113600000000091e+01 -1.469622020688669828e+01
7.660000000000000142e+00 -1.302609600000000079e+01 -1.260811203289833848e+01
7.679999999999999716e+00 -1.306118400000000079e+01 -1.287844224760868528e+01
7.700000000000000178e+00 -1.309640000000000271e+01 -6.341389089922267353e+00
7.719999999999999751e+00 -1.313174399999999942e+01 -1.004497830016224036e+01
7.740000000000000213e+00 -1.316721599999999981e+01 -1.186817535174851734e+01
7.759999999999999787e+00 -1.320281599999999855e+01 -1.480638232057964565e+01
7.780000000000000249e+00 -1.323854400000000098e+01 -8.096632807930049580e+00
7.799999999999999822e+00 -1.327439999999999998e+01 -1.204260049317230674e+01
7.820000000000000284e+00 -1.331038400000000088e+01 -1.098042241277956066e+01
7.839999999999999858e+00 -1.334649600000000014e+01 -1.035682470857646109e+01
7.860000000000000320e+00 -1.338273600000000130e+01 -3.541495134084449603e+00
7.879999999999999893e+00 -1.341910400000000081e+01 -1.796939006457794719e+01
7.900000000000000355e+00 -1.345560000000000045e+01 -1.509793053808377294e+01
7.919999999999999929e+00 -1.349222400000000022e+01 -1.442265427945304346e+01
7.940000000000000391e+00 -1.352897600000000189e+01 -7.329910738624933586e+00
7.959999999999999964e+00 -1.356585600000000014e+01 -6.058395658678579210e+00
7.980000000000000426e+00 -1.360286400000000029e+01 -1.631099038100962417e+01
8.000000000000000000e+00 -1.364000000000000234e+01 -2.662363759820662068e+01
8.019999999999999574e+00 -1.367726399999999742e+01 -1.661609524042604491e+01
8.039999999999999147e+00 -1.371465599999999796e+01 -1.416445528727326320e+01
8.060000000000000497e+00 -1.375217600000000218e+01 -1.065350077725464040e+01
8.080000000000000071e+00 -1.378982400000000119e+01 -1.754548545367616086e+01
8.099999999999999645e+00 -1.382760000000000034e+01 -1.652547491854756956e+01
8.119999999999999218e+00 -1.386550399999999783e+01 -8.241031745079862247e+00
8.140000000000000568e+00 -1.390353599999999901e+01 -9.736363071903245014e+00
8.160000000000000142e+00 -1.394169600000000031e+01 -1.699525710720382676e+01
8.179999999999999716e+00 -1.397998400000000174e+01 -1.203543357376003442e+01
8.199999999999999289e+00 -1.401839999999999975e+01 -1.249907591898337600e+01
8.220000000000000639e+00 -1.405694400000000144e+01 -1.162282905159469948e+01
8.240000000000000213e+00 -1.409561599999999970e+01 -2.188439872883782300e+01
8.259999999999999787e+00 -1.413441600000000165e+01 -1.515593625211568352e+01
8.279999999999999361e+00 -1.417334400000000016e+01 -9.977808497089741380e+00
8.300000000000000711e+00 -1.421240000000000236e+01 -1.710465875283660608e+01
8.320000000000000284e+00 -1.425158400000000114e+01 -1.247342233504306463e+01
8.339999999999999858e+00 -1.429089600000000004e+01 -9.379670962556222236e+00
8.359999999999999432e+00 -1.433033599999999907e+01 -1.428290692313348664e+01
8.380000000000000782e+00 -1.436990400000000356e+01 -2.335511068545841340e+01
8.400000000000000355e+00 -1.440960000000000107e+01 -9.515397992531909210e+00
8.419999999999999929e+00 -1.444942399999999871e+01 -1.607207224987749328e+01
8.439999999999999503e+00 -1.448937600000000003e+01 -1.836266949552392802e+01
8.460000000000000853e+00 -1.452945600000000326e+01 -8.739885410992830117e+00
8.480000000000000426e+00 -1.456966400000000306e+01 -1.784828224922214090e+01
8.500000000000000000e+00 -1.461000000000000121e+01 -1.795879744461246119e+01
8.519999999999999574e+00 -1.465046399999999949e+01 -1.453738620398919323e+01
8.539999999999999147e+00 -1.469105599999999967e+01 -1.986765206219428492e+01
8.560000000000000497e+00 -1.473177599999999998e+01 -5.368660955847612826e+00
8.580000000000000071e+00 -1.477262399999999865e+01 -1.961715003876772556e+01
8.599999999999999645e+00 -1.481359999999999921e+01 -1.310063351971307100e+01
8.619999999999999218e+00 -1.485470400000000168e+01 -1.635113664844288195e+01
8.640000000000000568e+00 -1.489593600000000073e+01 -1.281513199865977803e+01
8.660000000000000142e+00 -1.493729599999999991e+01 -1.694639695417087566e+01
8.679999999999999716e+00 -1.497878400000000099e+01 -1.532836361325702690e+01
8.699999999999999289e+00 -1.502039999999999864e+01 -1.386592407866028687e+01
8.720000000000000639e+00 -1.506214400000000353e+01 -9.694191865542078901e+00
8.740000000000000213e+00 -1.510401600000000144e+01 -8.288276552803683472e+00
8.759999999999999787e+00 -1.514601600000000126e+01 -1.408366236711873043e+01
8.779999999999999361e+00 -1.518814400000000120e+01 -2.240164474093172231e+01
8.800000000000000711e+00 -1.523040000000000127e+01 -1.305699142775094579e+01
8.820000000000000284e+00 -1.527278400000000147e+01 -1.164501206087718188e+01
8.839999999999999858e+00 -1.531529600000000180e+01 -2.268823386287328248e+01
8.859999999999999432e+00 -1.535793600000000048e+01 -1.867879915854279460e+01
8.880000000000000782e+00 -1.540070400000000284e+01 -2.150672513998280522e+01
8.900000000000000355e+00 -1.544360000000000532e+01 -1.771678427344300744e+01
8.919999999999999929e+00 -1.548662399999999906e+01 -2.060329577617329733e+01
8.939999999999999503e+00 -1.552977600000000002e+01 -1.752871746388300522e+01
8.960000000000000853e+00 -1.557305600000000112e+01 -1.536447302361889022e+01
8.980000000000000426e+00 -1.561646400000000412e+01 -1.699110557162941149e+01
9.000000000000000000e+00 -1.566000000000000014e+01 -1.114474430097533109e+01
9.019999999999999574e+00 -1.570366399999999985e+01 -1.803821690396964783e+01
9.039999999999999147e+00 -1.574745599999999790e+01 -1.154347718695040292e+01
9.060000000000000497e+00 -1.579137599999999964e+01 -1.993895622204679086e+01
9.080000000000000071e+00 -1.583542399999999972e+01 -1.508442763634444894e+01
9.099999999999999645e+00 -1.587959999999999994e+01 -1.812446630853760965e+01
9.119999999999999218e+00 -1.592390399999999850e+01 -1.756282305470037031e+01
9.140000000000000568e+00 -1.596833600000000253e+01 -8.592455481122975414e+00
9.160000000000000142e+00 -1.601289600000000135e+01 -1.186609744222857188e+01
9.179999999999999716e+00 -1.605758399999999853e+01 -4.575439307277957113e+00
9.199999999999999289e+00 -1.610239999999999938e+01 -1.675129924966973860e+01
9.220000000000000639e+00 -1.614734400000000392e+01 -2.139819580390531684e+01
9.240000000000000213e+00 -1.619241600000000147e+01 -1.301603738900727336e+01
9.259999999999999787e+00 -1.623761599999999916e+01 -2.202987245175449260e+01
9.279999999999999361e+00 -1.628294400000000053e+01 -2.293635031512430800e+01
9.300000000000000711e+00 -1.632840000000000202e+01 -1.708907553265396828e+01
9.320000000000000284e+00 -1.637398400000000009e+01 -1.403125988838058369e+01
9.339999999999999858e+00 -1.641969599999999829e+01 -1.486837593884244413e+01
9.359999999999999432e+00 -1.646553600000000017e+01 -1.708144844944412810e+01
9.380000000000000782e+00 -1.651150400000000218e+01 -2.162051928390219047e+01
9.400000000000000355e+00 -1.655760000000000076e+01 -2.115082305505710991e+01
9.419999999999999929e+00 -1.660382400000000302e+01 -2.129664196073195725e+01
9.439999999999999503e+00 -1.665017599999999831e+01 -1.589196175005396050e+01
9.460000000000000853e+00 -1.669665600000000438e+01 -2.399733433813707251e+01
9.480000000000000426e+00 -1.674326399999999992e+01 -1.436667358159843033e+01
9.500000000000000000e+00 -1.678999999999999915e+01 -1.318919153655652465e+01
9.519999999999999574e+00 -1.683686399999999850e+01 -2.006000177790822647e+01
9.539999999999999147e+00 -1.688385600000000153e+01 -1.389562173967571113e+01
9.560000000000000497e+00 -1.693097600000000114e+01 -8.749979478839279068e+00
9.580000000000000071e+00 -1.697822400000000087e+01 -1.039854765734604847e+01
9.599999999999999645e+00 -1.702560000000000073e+01 -6.352800057686282642e+00
9.619999999999999218e+00 -1.707310399999999717e+01 -1.665406221176716528e+01
9.640000000000000568e+00 -1.712073600000000084e+01 -1.814827902449843577e+01
9.660000000000000142e+00 -1.716849600000000109e+01 -2.369028466684556378e+01
9.679999999999999716e+00 -1.721638399999999791e+01 -1.623646503434584432e+01
9.699999999999999289e+00 -1.726440000000000197e+01 -1.650121368007227929e+01
9.720000000000000639e+00 -1.731254400000000260e+01 -1.738305888410510391e+01
9.740000000000000213e+00 -1.736081599999999980e+01 -2.147569198249147959e+01
9.759999999999999787e+00 -1.740921600000000069e+01 -1.649375408604514703e+01
9.779999999999999361e+00 -1.745774399999999815e+01 -1.605645211431844643e+01
9.800000000000000711e+00 -1.750640000000000285e+01 -5.816467803964375349e+00
9.820000000000000284e+00 -1.755518400000000057e+01 -1.778583974837256676e+01
9.839999999999999858e+00 -1.760409599999999841e+01 -1.312733359300018066e+01
9.859999999999999432e+00 -1.765313599999999639e+01 -2.366785217888525494e+01
9.880000000000000782e+00 -1.770230400000000515e+01 -1.881361751379466440e+01
9.900000000000000355e+00 -1.775160000000000338e+01 -1.284231057922553987e+01
9.919999999999999929e+00 -1.780102400000000173e+01 -1.304422804503115252e+01
9.939999999999999503e+00 -1.785057600000000022e+01 -2.046914270905602962e+01
9.960000000000000853e+00 -1.790025600000000239e+01 -1.356747878932263873e+01
9.980000000000000426e+00 -1.795006400000000113e+01 -1.201524842126182868e+01
